Size |   Alg 1   |   Alg2   |   Alg3   |   Alg4
100    0.134229    0.019617    0.000223     3.5e-05
200    1.084929    0.120403     0.0004    4.39999999999e-05
300    3.640208    0.385357    0.000518   5.19999999993e-05
400     8.52574    0.954819    0.000667   6.60000000003e-05
500    16.709577   1.748235   0.000862000000005 9.60000000063e-05
600    28.890605    2.92008   0.000975999999994 0.000114000000011
700    50.087566   5.123443    0.001136   0.000151000000002
800    68.874941   7.138843    0.001193   0.000143000000008
900    99.274374   10.167499   0.001282   0.000164999999981
1000  135.230051   14.006267  0.00144499999999 0.000181999999995
2000                          0.00528000000003 0.000448000000006
3000                          0.00836900000002 0.000790999999992
4000                           0.014988   0.000840000000039
5000                           0.013211   0.00109199999997
6000                           0.016949   0.00165299999998
7000                           0.020465   0.00548400000002
8000                           0.027372   0.00234699999999
9000                           0.027775   0.00269900000001
