Size |   Alg 1   |   Alg2   |   Alg3
100    0.142428    0.020684    0.000399
200    1.111479    0.132277    0.000399
300    3.739659    0.387687   0.000529999999999
400    8.711271    0.965603   0.000685000000001
500    17.344892    1.85595   0.000826000000004
600    30.563857    2.94132    0.000957
700    48.599125    5.17444   0.00106699999999
800    72.402356   7.366091   0.00123300000001
900   100.940954   10.369579  0.00135700000004
1000  140.711023   14.111496  0.00151199999999
2000                          0.00335699999999
3000                          0.00521499999996
4000                          0.00500099999999
5000                          0.00730500000003
6000                          0.0122679999999
7000                           0.013183
8000                           0.011028
9000                           0.013519
